0 70 120 170 220 270 320 370 420 470 
70 0 70 120 170 220 270 320 370 420 
120 70 0 70 120 170 220 270 320 370 
170 120 70 0 70 120 170 220 270 320 
220 170 120 70 0 70 120 170 220 270 
270 220 170 120 70 0 70 120 170 220 
320 270 220 170 120 70 0 70 120 170 
370 320 270 220 170 120 70 0 70 120 
420 370 320 270 220 170 120 70 0 70 
470 420 370 320 270 220 170 120 70 0 
BAG 120 170 220 270 320 370 420 470 520 570 
CAT 760 710 660 610 560 510 460 410 360 310 
CLN 772 722 672 622 572 522 472 422 372 322 
FUL 510 560 610 660 710 760 810 860 910 960 
POT 772 722 672 622 572 522 472 422 372 322 
TLT 670 620 570 520 470 420 370 320 270 220 
PSH 220 170 120 70 20 70 120 170 220 270